14.720050
14.755470
14.542860
14.368450
8.361280
14.366690
14.756250
14.640320
14.384790
14.389660
14.602500
14.364120
14.947880
14.368080
14.363910
14.639300
8.618850
14.367900
14.908420
14.347070
14.515580
15.256440
14.364390
14.634120
15.059820

-86.245728
13.810287
13.781278
13.780718
13.932137
5.110468
13.780457
13.824347
14.359688
13.789878
13.772958
13.781447
13.781218
13.772697
13.982047
14.630108
13.781207
13.836548
14.104888
14.083528
14.105557
14.777967
13.782297
13.781238
14.160877
13.790037
13.774207
13.796147
13.785868
13.843098
13.781267
12.644298
13.781028
14.711027
