-416793.531250
-412068.531250
-430567.531250
-441518.531250
-418493.531250
-410856.531250
-417756.531250
-417422.531250
-415031.531250
-413181.531250
-416348.531250
-414256.531250
-399468.531250
-419373.531250
-417510.531250
-414243.531250
-412602.531250
-414143.531250
-422035.531250
-416243.531250
-414289.531250
-461242.531250
-413418.531250
-418456.531250
-411789.531250
-414527.531250
-414143.531250
-418581.531250
-417427.531250
-420418.531250
-417143.531250
-417164.531250
-422114.531250
-415939.531250
-422593.531250
-418947.531250
-415752.531250
-416722.531250
-415147.531250
-416464.531250
-422073.531250
